[pom1.jpg]
filters=fill=1,0.224299;autolight=1;
moddate=02ab90e0ba35cf01
width=483
height=500
textactive=0
[pom2.jpg]
filters=autolight=1;fill=1,0.065421;fill=1,0.289720;autolight=1;autocolor=1;
moddate=338cbbe0ba35cf01
width=576
height=576
textactive=0
[pom3.jpg]
filters=crop64=1,1110170ffffffff;autocolor=1;
crop=rect64(1110170ffffffff)
moddate=06eb84e0ba35cf01
width=720
height=534
textactive=0
[pom4.jpg]
filters=fill=1,0.112150;autolight=1;autocolor=1;
moddate=727c9de0ba35cf01
width=504
height=500
textactive=0
